function [cost, time, stationcost, stationtime, MaxTime, MaxCapacity, U] = VRPData

% Cost matrix (manually defined)
cost = [
    0, 50, 60, 70, 80, 90, 40, 55, 65, 75, 85, 95, 30, 45, 35, 25, 20, 15, 10, 5;
    50, 0, 55, 65, 75, 85, 45, 50, 60, 70, 80, 90, 35, 40, 30, 20, 25, 10, 15, 5;
    60, 55, 0, 50, 60, 70, 55, 60, 65, 75, 85, 95, 45, 50, 40, 35, 30, 25, 20, 10;
    70, 65, 50, 0, 55, 65, 65, 70, 75, 80, 90, 100, 55, 60, 50, 45, 40, 35, 30, 20;
    80, 75, 60, 55, 0, 50, 75, 80, 85, 90, 95, 105, 65, 70, 60, 55, 50, 45, 40, 30;
    90, 85, 70, 65, 50, 0, 85, 90, 95, 100, 110, 120, 75, 80, 70, 65, 60, 55, 50, 40;
    40, 45, 55, 65, 75, 85, 0, 35, 40, 45, 50, 55, 25, 30, 20, 15, 10, 15, 20, 25;
    55, 50, 60, 70, 80, 90, 35, 0, 25, 30, 35, 40, 30, 35, 25, 20, 15, 10, 15, 10;
    65, 60, 65, 75, 85, 95, 40, 25, 0, 20, 25, 30, 35, 40, 30, 25, 20, 15, 10, 15;
    75, 70, 75, 80, 90, 100, 45, 30, 20, 0, 10, 15, 40, 45, 35, 30, 25, 20, 15, 10;
    85, 80, 85, 90, 95, 110, 50, 35, 25, 10, 0, 5, 45, 50, 40, 35, 30, 25, 20, 15;
    95, 90, 95, 100, 105, 120, 55, 40, 30, 15, 5, 0, 55, 60, 50, 45, 40, 35, 30, 25;
    30, 35, 45, 55, 65, 75, 25, 30, 35, 40, 45, 55, 0, 15, 10, 5, 10, 15, 20, 25;
    45, 40, 50, 60, 70, 80, 30, 35, 40, 45, 50, 60, 15, 0, 25, 20, 15, 10, 5, 10;
    35, 30, 40, 50, 60, 70, 20, 25, 30, 35, 40, 50, 10, 25, 0, 15, 10, 5, 10, 15;
    25, 20, 35, 45, 55, 65, 15, 20, 25, 30, 35, 45, 5, 20, 15, 0, 10, 15, 20, 25;
    20, 25, 30, 40, 50, 60, 10, 15, 20, 25, 30, 40, 10, 15, 10, 10, 0, 5, 10, 15;
    15, 10, 25, 35, 45, 55, 15, 10, 15, 20, 25, 35, 15, 10, 5, 15, 5, 0, 5, 10;
    10, 15, 20, 30, 40, 50, 20, 15, 10, 15, 20, 30, 20, 5, 10, 20, 10, 5, 0, 5;
    5, 5, 10, 20, 30, 40, 25, 10, 15, 10, 15, 25, 25, 10, 15, 25, 15, 10, 5, 0
];

% Time matrix (manually defined)
time = [
    0, 12, 14, 16, 18, 20, 10, 13, 15, 17, 19, 21, 8, 11, 9, 7, 6, 5, 4, 3;
    12, 0, 11, 13, 15, 17, 9, 12, 14, 16, 18, 20, 10, 8, 7, 5, 6, 4, 3, 2;
    14, 11, 0, 10, 12, 14, 13, 15, 16, 18, 20, 22, 11, 12, 10, 9, 8, 7, 6, 5;
    16, 13, 10, 0, 11, 13, 15, 17, 18, 20, 22, 24, 13, 14, 12, 11, 10, 9, 8, 7;
    18, 15, 12, 11, 0, 10, 17, 19, 20, 22, 24, 26, 15, 16, 14, 13, 12, 11, 10, 9;
    20, 17, 14, 13, 10, 0, 19, 21, 22, 24, 26, 28, 17, 18, 16, 15, 14, 13, 12, 11;
    10, 9, 13, 15, 17, 19, 0, 8, 10, 12, 14, 16, 6, 7, 5, 4, 3, 2, 3, 4;
    13, 12, 15, 17, 19, 21, 8, 0, 5, 7, 9, 11, 8, 6, 4, 3, 2, 1, 2, 3;
    15, 14, 16, 18, 20, 22, 10, 5, 0, 6, 8, 10, 9, 7, 5, 4, 3, 2, 1, 2;
    17, 16, 18, 20, 22, 24, 12, 7, 6, 0, 5, 7, 10, 8, 6, 5, 4, 3, 2, 1;
    19, 18, 20, 22, 24, 26, 14, 9, 8, 5, 0, 6, 12, 10, 8, 7, 6, 5, 4, 3;
    21, 20, 22, 24, 26, 28, 16, 11, 10, 7, 6, 0, 14, 12, 10, 9, 8, 7, 6, 5;
    8, 10, 11, 13, 15, 17, 6, 8, 9, 10, 12, 14, 0, 3, 2, 1, 2, 3, 4, 5;
    11, 8, 12, 14, 16, 18, 7, 6, 7, 8, 10, 12, 3, 0, 5, 4, 3, 2, 1, 2;
    9, 7, 10, 12, 14, 16, 5, 4, 5, 6, 8, 10, 2, 5, 0, 3, 2, 1, 2, 3;
    7, 5, 9, 11, 13, 15, 4, 3, 4, 5, 7, 9, 1, 4, 3, 0, 2, 3, 4, 5;
    6, 6, 8, 10, 12, 14, 3, 2, 3, 4, 6, 8, 2, 3, 2, 2, 0, 1, 2, 3;
    5, 4, 7, 9, 11, 13, 2, 1, 2, 3, 5, 7, 3, 2, 1, 3, 1, 0, 1, 2;
    4, 3, 6, 8, 10, 12, 3, 2, 1, 2, 4, 6, 4, 1, 2, 4, 2, 1, 0, 1;
    3, 2, 5, 7, 9, 11, 4, 3, 2, 1, 3, 5, 5, 2, 3, 5, 3, 2, 1, 0
];

% Travel cost from the station to each house (in arbitrary units)
stationcost = [
    10, 15, 20, 25, 30, 35, 12, 18, 22, 28, 32, 38, 8, 14, 16, 24, 26, 6, 5, 7
];

% Time taken from the station to each house (in minutes)
stationtime = [
    5, 7, 10, 12, 15, 18, 6, 8, 11, 14, 17, 20, 4, 6, 9, 13, 16, 3, 2, 4
];

MaxTime = 50;
MaxCapacity = 20;

U = 1000;