A = [21       5      17       2      11      15      22      14      18      25       16       20       13       11       13  ;
     23      20      10      18       3      14      15      22       4       5        9       18       13       17       16  ;
      4       8      21       2      15      22      24       9      19       7       25        1       22       24       21  ;
     23      14      14       2      12       7      18      12       3      10        6       22        9       21       14  ;
     16       5       9      14      18       8      15       2       3       2       17       24       12       13        6  ;
      3      16      24       3      18       3      21       5      17      18       16       20       25       19       12  ;
      7       7      22      21      16      24      22      17       9      11       10        2        2       11       11  ;
     14      17      14      21       1      17      25       9      17      25        4       10       25       25       25  ;
     24      18      16      19       2      12       1      23      19      11        1       18        5       25       16  ;
     25      19      15       4       8      16      22       3      15      16       11       19       17       22       18  ;
      4      12       6      17      14      14      16      25      19       4        5        6       15       10       19  ;
     25       3       8      13      17      17      25      14       6      10       19        7       17       12        9  ;
     24       6      12      25      11      14      14      18      19       5       10       17       10        7       13  ;
     13      23       6      17      21      19      12      25      25      19       22       12       16       20       14  ;
     21       4      22      21      18      14      21       8      22      22       19       16       21       23        4  ;
      4      21       5      12      25      25       6      11       3       9       15        6        1       23       15  ;
     11      14       6      11      14       6      13      12      10      18        5        5        3       14       18  ;
     23      25       5      21       9       3      23      20      10       8       24       21       25       15       11  ;
     20       2       6       3       3       3      15      21      18      14        7       20       17        4       21  ;
     24      12      11       4      16       2      22       3      15      21       24       24        6       23       19  ;
     17       3       8       5      20      11      19       5      20      15        6        3       11       12       10  ;
      1      25      24      10      11      12      15       9      10       9       10        5        4        6       12  ;
     22       1      11      21       3      10       7       2       6       8        3        3        7       23       10  ;
     24      20       5      21       7      20      17      14       3      12       17       13        7       20       20  ;
     17      21      23       2       4      16       3       9      20      11        5        5        9       23       19  ;
     19      22      25      10       8      20      16       5       6       9        2       23        4        8       11  ;
     19       3      11      14      12      24      17       6      10      14       19        3        9       17       18  ;
     10      10       3      11      14      25      19      23      14      19        9        2        4       17       24  ;
     17       7       7      17      12       5      23      17       6      11       17       14       23        4       20  ;
      5      21      11      16      22       4      25      12      17      11       10       20        3       11       18  ;
     18      11      15       8      13      18      20      23      13       4       16        8       24        7        3  ;
      1      23       7      11      24       3      15       3       4       1        1        5       10       18       10  ;
      7       5      16       1      16      14      24      19      20       8       23        9        2        8       15  ;
      2       7      18      25      24      14      15      19       3       8       21        6        9       23       12  ;
      3       4       6       5       7      22       1      15       8      17       19       13       19       21        2  ;
     21       4       3       3      17      13       4       5       6      24       21       23       20       10        6  ;
     18      22       8      10       8      10      22      15      14      24       10       16       14       13       21  ;
      8      15       8       5      17      17      13       8       3      12       16        3       18       18        1  ;
     24      14      11      13      18      19      22       4      11       7       15       10       23       21       22  ;
      1       4      13       9       2      14       6       6       3      20       14        2        2       16        2  ;
     11      22       3      24       7       9      14      23       3      19        7       13        8       15       17  ;
     10      16       7      24       6       4      16       2      20      19        7       11        2        9       13  ;
     20       9      21       2      17      15       1       7       8      19       12       25        5       12        6  ;
     20      13       1      19      22       7      16       2      16       3        6       21       19       18       15  ;
      5      11      24       7       9       2      10      12      25      18       21       13       19       23        4  ;
     13       2      19      11      20      19       2       1      11      12       25       23       22       19       17  ;
     12       6      13      14      17       7      13      23      18       6        1        4       15        1       15  ;
     17       4      15      24       1      12       5       5      19       3       14       10        2       17        2  ;
     18       5       6      11      16      18       4       3      11      21        3       24       24       11        2  ;
     19       6      12      25      10       9       6       8      17       5       21       23       21       11        4  ;
      7      11      25       8      23      19       4      12       3       5       25       18        8        3        1  ;
     17       2      14      18       1      10       5       3      24      17        2       16       14       21       11  ;
     17      23      14      17      12      18       2      25       5      23       24        9       25        9       21  ;
      5      24       6      14      11      18      16       9       7      13        1       24       18        7       16  ;
      3      13      13      18      12      12       8       8      20      18       18        4       21        9       14  ;
     13      13      16      17      20       1      14       2      13       4       20       19       11       10       22  ;
     24       9      17       5       9       9      18       8      20      24       14       17       12       14        3  ;
      9      23      10       4      20      11      13       2      10      14       23       21       15       15       23  ;
     15      10      10      25      12       7      14      13       7      17       23       10        7       10        3  ;
      6       3      25       5       1       5      12      20       1       1       16       19       19       10       13  ;
     19      20       1       1       5      21       4      16      17      21        4       21       13       13        4  ;
      7      10      23      15      19      11      13       3      11      19        6        9       17       17       14  ;
